{
 "cells": [
  {
   "cell_type": "markdown",
   "metadata": {},
   "source": [
    "# 实现因果/遮蔽自注意力\n",
    "\n",
    "* 只考虑序列中当前Token或之前出现的Token。\n",
    "\n",
    "## 步骤：\n",
    "1. 前面与 2_self_attention 得到注意力权重步骤相同。\n",
    "2. 对每个当前token后的注意力权重进行遮蔽\n",
    "3. 计算上下文向量：通过注意力权重和值 values 向量"
   ]
  },
  {
   "cell_type": "markdown",
   "metadata": {},
   "source": [
    "### 遮蔽方式一：attn_weights * mask_simple\n",
    "\n",
    "![image.png](https://ressmatthew-picture-cloud-storage.oss-cn-hangzhou.aliyuncs.com/img/202408131311729.png)\n",
    "\n",
    "* 伪 信息泄漏问题：可能出现打算遮蔽的Token仍影响当前Token，因它们的值时softmax函数计算的一部分。\n",
    "    * 但是softmax的数学优雅之处在于，尽管在最初的计算中分母包含了所有位置，但在遮蔽和重新归一化之后，被遮蔽的位置的*影响被消除了*"
   ]
  },
  {
   "cell_type": "code",
   "execution_count": 1,
   "metadata": {},
   "outputs": [
    {
     "name": "stdout",
     "output_type": "stream",
     "text": [
      "tensor([[0.1921, 0.1646, 0.1652, 0.1550, 0.1721, 0.1510],\n",
      "        [0.2041, 0.1659, 0.1662, 0.1496, 0.1665, 0.1477],\n",
      "        [0.2036, 0.1659, 0.1662, 0.1498, 0.1664, 0.1480],\n",
      "        [0.1869, 0.1667, 0.1668, 0.1571, 0.1661, 0.1564],\n",
      "        [0.1830, 0.1669, 0.1670, 0.1588, 0.1658, 0.1585],\n",
      "        [0.1935, 0.1663, 0.1666, 0.1542, 0.1666, 0.1529]],\n",
      "       grad_fn=<SoftmaxBackward0>)\n"
     ]
    }
   ],
   "source": [
    "# 使用2_self_attention.ipynb得到的注意力权重来说明\n",
    "\n",
    "import torch\n",
    "import torch.nn as nn\n",
    "\n",
    "class SelfAttention_v2(nn.Module):\n",
    "    def __init__(self, d_in, d_out, qkv_bias=False):\n",
    "        super().__init__()\n",
    "        self.d_out = d_out\n",
    "        self.W_query = nn.Linear(d_in, d_out, bias=qkv_bias)\n",
    "        self.W_key = nn.Linear(d_in, d_out, bias=qkv_bias)\n",
    "        self.W_value = nn.Linear(d_in, d_out, bias=qkv_bias)\n",
    "        \n",
    "    def forward(self, x):\n",
    "        keys = self.W_key(x)\n",
    "        queries = self.W_query(x)\n",
    "        values = self.W_value(x)\n",
    "        attn_scores = queries @ keys.T\n",
    "        print(\"attn_scores\\n\", attn_scores)\n",
    "        attn_weights = torch.softmax(\n",
    "            attn_scores / keys.shape[-1] ** 0.5, dim = -1)\n",
    "        print(\"attn_weights\\n\", attn_weights)\n",
    "        context_vec = attn_weights @ values\n",
    "        return context_vec\n",
    "\n",
    "inputs = torch.tensor(\n",
    "    [[0.43, 0.15, 0.89], # Your     (x^1)\n",
    "    [0.55, 0.87, 0.66], # journey  (x^2)\n",
    "    [0.57, 0.85, 0.64], # starts   (x^3)\n",
    "    [0.22, 0.58, 0.33], # with     (x^4)\n",
    "    [0.77, 0.25, 0.10], # one      (x^5)\n",
    "    [0.05, 0.80, 0.55]] # step     (x^6)   \n",
    ")\n",
    "\n",
    "d_in = inputs.shape[1]\n",
    "d_out = 2\n",
    "\n",
    "torch.manual_seed(789)\n",
    "sa_v2 = SelfAttention_v2(d_in, d_out)\n",
    "\n",
    "queries = sa_v2.W_query(inputs)  #A\n",
    "keys = sa_v2.W_key(inputs) \n",
    "attn_scores = queries @ keys.T\n",
    "attn_weights = torch.softmax(attn_scores/ 2 ** 0.5, dim=1)\n",
    "print(attn_weights)"
   ]
  },
  {
   "cell_type": "code",
   "execution_count": 2,
   "metadata": {},
   "outputs": [
    {
     "name": "stdout",
     "output_type": "stream",
     "text": [
      "tensor([[1., 0., 0., 0., 0., 0.],\n",
      "        [1., 1., 0., 0., 0., 0.],\n",
      "        [1., 1., 1., 0., 0., 0.],\n",
      "        [1., 1., 1., 1., 0., 0.],\n",
      "        [1., 1., 1., 1., 1., 0.],\n",
      "        [1., 1., 1., 1., 1., 1.]])\n"
     ]
    }
   ],
   "source": [
    "# 引入遮蔽矩阵（下三角矩阵）：\n",
    "\n",
    "context_length = attn_weights.shape[0]\n",
    "mask_simple = torch.tril(torch.ones(context_length, context_length))\n",
    "print(mask_simple)"
   ]
  },
  {
   "cell_type": "code",
   "execution_count": 3,
   "metadata": {},
   "outputs": [
    {
     "name": "stdout",
     "output_type": "stream",
     "text": [
      "tensor([[0.1921, 0.0000, 0.0000, 0.0000, 0.0000, 0.0000],\n",
      "        [0.2041, 0.1659, 0.0000, 0.0000, 0.0000, 0.0000],\n",
      "        [0.2036, 0.1659, 0.1662, 0.0000, 0.0000, 0.0000],\n",
      "        [0.1869, 0.1667, 0.1668, 0.1571, 0.0000, 0.0000],\n",
      "        [0.1830, 0.1669, 0.1670, 0.1588, 0.1658, 0.0000],\n",
      "        [0.1935, 0.1663, 0.1666, 0.1542, 0.1666, 0.1529]],\n",
      "       grad_fn=<MulBackward0>)\n"
     ]
    }
   ],
   "source": [
    "# 将遮蔽与注意力权重相乘，将对角线以上的值归零：\n",
    "\n",
    "masked_simple = attn_weights * mask_simple\n",
    "print(masked_simple)"
   ]
  },
  {
   "cell_type": "code",
   "execution_count": 4,
   "metadata": {},
   "outputs": [
    {
     "name": "stdout",
     "output_type": "stream",
     "text": [
      "tensor([[1.0000, 0.0000, 0.0000, 0.0000, 0.0000, 0.0000],\n",
      "        [0.5517, 0.4483, 0.0000, 0.0000, 0.0000, 0.0000],\n",
      "        [0.3800, 0.3097, 0.3103, 0.0000, 0.0000, 0.0000],\n",
      "        [0.2758, 0.2460, 0.2462, 0.2319, 0.0000, 0.0000],\n",
      "        [0.2175, 0.1983, 0.1984, 0.1888, 0.1971, 0.0000],\n",
      "        [0.1935, 0.1663, 0.1666, 0.1542, 0.1666, 0.1529]],\n",
      "       grad_fn=<DivBackward0>)\n"
     ]
    }
   ],
   "source": [
    "# 再归一化：\n",
    "\n",
    "# 求每一行的和\n",
    "row_sums = masked_simple.sum(dim=1, keepdim=True)\n",
    "\n",
    "masked_simple_norm = masked_simple / row_sums\n",
    "print(masked_simple_norm)"
   ]
  },
  {
   "cell_type": "markdown",
   "metadata": {},
   "source": [
    "### 遮蔽方式二：\n",
    "\n",
    "* 利用softmax的一个数学特性，以减少步骤"
   ]
  },
  {
   "cell_type": "code",
   "execution_count": 5,
   "metadata": {},
   "outputs": [
    {
     "name": "stdout",
     "output_type": "stream",
     "text": [
      "tensor([[1.0000, 0.0000, 0.0000, 0.0000, 0.0000, 0.0000],\n",
      "        [0.5517, 0.4483, 0.0000, 0.0000, 0.0000, 0.0000],\n",
      "        [0.3800, 0.3097, 0.3103, 0.0000, 0.0000, 0.0000],\n",
      "        [0.2758, 0.2460, 0.2462, 0.2319, 0.0000, 0.0000],\n",
      "        [0.2175, 0.1983, 0.1984, 0.1888, 0.1971, 0.0000],\n",
      "        [0.1935, 0.1663, 0.1666, 0.1542, 0.1666, 0.1529]],\n",
      "       grad_fn=<SoftmaxBackward0>)\n"
     ]
    }
   ],
   "source": [
    "# mask（上三角矩阵），主对角线为0\n",
    "mask = torch.triu(torch.ones(context_length, context_length), diagonal=1)\n",
    "# 填充attn_scores张量中的上三角部分为负无穷\n",
    "masked = attn_scores.masked_fill(mask.bool(), -torch.inf)\n",
    "\n",
    "attn_weights = torch.softmax(masked / keys.shape[-1]**0.5, dim=1)\n",
    "print(attn_weights)"
   ]
  },
  {
   "cell_type": "markdown",
   "metadata": {},
   "source": [
    "## 引入Dropout技术防止过拟合"
   ]
  },
  {
   "cell_type": "code",
   "execution_count": 6,
   "metadata": {},
   "outputs": [
    {
     "name": "stdout",
     "output_type": "stream",
     "text": [
      "tensor([[2., 2., 2., 2., 2., 2.],\n",
      "        [0., 2., 0., 0., 0., 0.],\n",
      "        [0., 0., 2., 0., 2., 0.],\n",
      "        [2., 2., 0., 0., 0., 2.],\n",
      "        [2., 0., 0., 0., 0., 2.],\n",
      "        [0., 2., 0., 0., 0., 0.]])\n"
     ]
    }
   ],
   "source": [
    "# 例子：\n",
    "\n",
    "torch.manual_seed(123)\n",
    "# 为了补偿活跃元素的减少，矩阵中剩余元素的值被放大了 1/0.5 = 2 倍\n",
    "dropout = torch.nn.Dropout(0.5) # 丢弃率50%\n",
    "example = torch.ones(6, 6)\n",
    "print(dropout(example))\n"
   ]
  },
  {
   "cell_type": "code",
   "execution_count": 7,
   "metadata": {},
   "outputs": [
    {
     "name": "stdout",
     "output_type": "stream",
     "text": [
      "tensor([[1.0000, 0.0000, 0.0000, 0.0000, 0.0000, 0.0000],\n",
      "        [0.5517, 0.4483, 0.0000, 0.0000, 0.0000, 0.0000],\n",
      "        [0.3800, 0.3097, 0.3103, 0.0000, 0.0000, 0.0000],\n",
      "        [0.2758, 0.2460, 0.2462, 0.2319, 0.0000, 0.0000],\n",
      "        [0.2175, 0.1983, 0.1984, 0.1888, 0.1971, 0.0000],\n",
      "        [0.1935, 0.1663, 0.1666, 0.1542, 0.1666, 0.1529]],\n",
      "       grad_fn=<SoftmaxBackward0>)\n",
      "tensor([[2.0000, 0.0000, 0.0000, 0.0000, 0.0000, 0.0000],\n",
      "        [0.0000, 0.8966, 0.0000, 0.0000, 0.0000, 0.0000],\n",
      "        [0.0000, 0.0000, 0.6206, 0.0000, 0.0000, 0.0000],\n",
      "        [0.5517, 0.4921, 0.0000, 0.0000, 0.0000, 0.0000],\n",
      "        [0.4350, 0.0000, 0.0000, 0.0000, 0.0000, 0.0000],\n",
      "        [0.0000, 0.3327, 0.0000, 0.0000, 0.0000, 0.0000]],\n",
      "       grad_fn=<MulBackward0>)\n"
     ]
    }
   ],
   "source": [
    "# droput应用于attn_weights\n",
    "\n",
    "print(attn_weights)\n",
    "torch.manual_seed(123)\n",
    "print(dropout(attn_weights))\n"
   ]
  },
  {
   "cell_type": "markdown",
   "metadata": {},
   "source": [
    "## 实现Casual Attention类\n",
    "\n",
    "* 引入批次处理（多个输入组）"
   ]
  },
  {
   "cell_type": "code",
   "execution_count": 8,
   "metadata": {},
   "outputs": [
    {
     "name": "stdout",
     "output_type": "stream",
     "text": [
      "torch.Size([2, 6, 3])\n"
     ]
    }
   ],
   "source": [
    "# 简单模拟批次输入：\n",
    "\n",
    "# 两个相同的张量inputs沿着指定的维度dim=0进行堆叠\n",
    "batch = torch.stack((inputs, inputs), dim=0)\n",
    "print(batch.shape) # ([b, num_tokens, d_in])"
   ]
  },
  {
   "cell_type": "code",
   "execution_count": 9,
   "metadata": {},
   "outputs": [],
   "source": [
    "\n",
    "import torch.nn as nn\n",
    "\n",
    "class CausalAttention(nn.Module):\n",
    "    \n",
    "    def __init__(self, d_in, d_out, context_length, droput, qkv_bias=False):\n",
    "        super().__init__()\n",
    "        self.d_out = d_out\n",
    "        self.W_query = nn.Linear(d_in, d_out, bias=qkv_bias)\n",
    "        self.W_key = nn.Linear(d_in, d_out, bias=qkv_bias)\n",
    "        self.W_value = nn.Linear(d_in, d_out, bias=qkv_bias)\n",
    "        self.dropout = nn.Dropout(droput)\n",
    "        # register_buffer 不需要手动确保这些张量与模型参数在同一设备上，从而避免设备不匹配错误\n",
    "        self.register_buffer('mask', torch.triu(torch.ones(context_length, context_length), diagonal=1))\n",
    "        \n",
    "    def forward(self, x):\n",
    "        b, num_tokens, d_in = x.shape\n",
    "        keys = self.W_key(x)\n",
    "        queries = self.W_query(x)\n",
    "        values = self.W_value(x)\n",
    "        \n",
    "        # 将keys的第二维和第三维进行交换\n",
    "        attn_scores = queries @ keys.transpose(1, 2)\n",
    "        attn_scores.masked_fill_(\n",
    "            self.mask.bool()[:num_tokens, :num_tokens], -torch.inf)\n",
    "        attn_weights = torch.softmax(attn_scores / keys.shape[-1] ** 0.5, dim=-1)\n",
    "        attn_weights = self.dropout(attn_weights)\n",
    "        \n",
    "        context_vec = attn_weights @ values\n",
    "        return context_vec"
   ]
  },
  {
   "cell_type": "markdown",
   "metadata": {},
   "source": [
    "### `attn_scores = queries @ keys.transpose(1, 2)` \n",
    "\n",
    "说明为什么要第二维和第三维交换：\n",
    "\n",
    "\n",
    "| 变量                        | 维度                             |\n",
    "| ------------------------- | ------------------------------ |\n",
    "| inputs                    | `([b, num_tokens, d_in])`      |\n",
    "| W_ke, W_query, W_value    | `([d_in, d_out])`              |\n",
    "| keys, queries, values     | `([b, num_tokens, d_out])`     |\n",
    "| attn_scores, attn_weights | `([b, num_tokens, num_tokens])` |\n",
    "| context_vec               | `([b, num_tokens, d_out])`     |\n",
    "\n",
    "queries 为`([b, num_tokens, d_out])` \n",
    "keys为`([b, num_tokens, d_out])` 第二维和第三维交换后`([b, d_out, num_tokens])`然后才对齐执行矩阵乘法，得到attn_scores`([b, num_tokens, num_tokens])`\n"
   ]
  },
  {
   "cell_type": "code",
   "execution_count": 10,
   "metadata": {},
   "outputs": [
    {
     "name": "stdout",
     "output_type": "stream",
     "text": [
      "torch.Size([2, 6, 2])\n"
     ]
    }
   ],
   "source": [
    "# 测试 CausalAttention 类：\n",
    "\n",
    "torch.manual_seed(123)\n",
    "context_length = batch.shape[1]\n",
    "ca = CausalAttention(d_in, d_out, context_length, 0.0)\n",
    "context_vecs = ca(batch)\n",
    "\n",
    "print(context_vecs.shape)"
   ]
  }
 ],
 "metadata": {
  "kernelspec": {
   "display_name": "LLMs",
   "language": "python",
   "name": "python3"
  },
  "language_info": {
   "codemirror_mode": {
    "name": "ipython",
    "version": 3
   },
   "file_extension": ".py",
   "mimetype": "text/x-python",
   "name": "python",
   "nbconvert_exporter": "python",
   "pygments_lexer": "ipython3",
   "version": "3.10.14"
  }
 },
 "nbformat": 4,
 "nbformat_minor": 2
}
